time            vel              verr       tel
2449610.53275500 -33258.00000000  9.00000000 ELODIE 
2449612.47165600 -33225.00000000  9.00000000 ELODIE 
2449655.31126300 -33272.00000000  7.00000000 ELODIE 
2449728.22736200 -33310.00000000  7.00000000 ELODIE 
2449729.22498000 -33248.00000000  7.00000000 ELODIE 
2449730.23499800 -33196.00000000  8.00000000 ELODIE 
2449739.26580100 -33221.00000000  8.00000000 ELODIE 
2449750.24595900 -33249.00000000  8.00000000 ELODIE 
2449751.24389800 -33233.00000000  9.00000000 ELODIE 
2449753.24468000 -33313.00000000  8.00000000 ELODIE 
2449755.24996700 -33187.00000000  7.00000000 ELODIE 
2449765.25768100 -33283.00000000  8.00000000 ELODIE 
2449766.25624000 -33314.00000000  8.00000000 ELODIE 
2449766.26503900 -33318.00000000  8.00000000 ELODIE 
2449767.25540000 -33233.00000000  8.00000000 ELODIE 
2449903.54236600 -33185.00000000  8.00000000 ELODIE 
2449903.55116700 -33190.00000000  7.00000000 ELODIE 
2449904.57465200 -33227.00000000  7.00000000 ELODIE 
2449906.60002000 -33256.00000000  7.00000000 ELODIE 
2449906.60622000 -33258.00000000  7.00000000 ELODIE 
2449907.55869900 -33167.00000000  7.00000000 ELODIE 
2449908.59038300 -33213.00000000  7.00000000 ELODIE 
2449909.57326200 -33299.00000000  7.00000000 ELODIE 
2449910.59014400 -33270.00000000  9.00000000 ELODIE 
2449910.60134500 -33266.00000000  7.00000000 ELODIE 
2449969.38409700 -33294.00000000  7.00000000 ELODIE 
2449969.58820000 -33290.00000000  7.00000000 ELODIE 
2449970.43400900 -33215.00000000  7.00000000 ELODIE 
2449970.62811100 -33209.00000000  7.00000000 ELODIE 
2449971.44121800 -33189.00000000  7.00000000 ELODIE 
2449971.61902000 -33212.00000000  8.00000000 ELODIE 
2449972.35132600 -33262.00000000  7.00000000 ELODIE 
2449972.35802600 -33269.00000000  7.00000000 ELODIE 
2449974.39893800 -33245.00000000  8.00000000 ELODIE 
2449975.42964100 -33200.00000000  7.00000000 ELODIE 
2449976.44254300 -33250.00000000  7.00000000 ELODIE 
2449976.59814300 -33276.00000000  7.00000000 ELODIE 
2450021.29040500 -33223.00000000  7.00000000 ELODIE 
2450021.44819500 -33224.00000000  7.00000000 ELODIE 
2450022.36413700 -33190.00000000  7.00000000 ELODIE 
2450022.45823100 -33210.00000000  7.00000000 ELODIE 
2450023.29547800 -33278.00000000  7.00000000 ELODIE 
2450023.42946900 -33282.00000000  7.00000000 ELODIE 
2450023.44196800 -33290.00000000  7.00000000 ELODIE 
2450024.31021100 -33310.00000000  7.00000000 ELODIE 
2450024.42860400 -33308.00000000  7.00000000 ELODIE 
2450025.25804900 -33238.00000000  7.00000000 ELODIE 
2450025.45153600 -33233.00000000  7.00000000 ELODIE 
2450026.28937900 -33215.00000000  9.00000000 ELODIE 
2450026.44076900 -33198.00000000  8.00000000 ELODIE 
2450027.39950300 -33238.00000000  7.00000000 ELODIE 
2450027.44300000 -33280.00000000  7.00000000 ELODIE 
2450028.29054100 -33320.00000000  7.00000000 ELODIE 
2450028.34393700 -33316.00000000  7.00000000 ELODIE 
2450061.27901500 -33294.00000000  7.00000000 ELODIE 
2450062.25442600 -33332.00000000  7.00000000 ELODIE 
2450063.25173600 -33292.00000000  7.00000000 ELODIE 
2450070.26749500 -33296.00000000  8.00000000 ELODIE 
2450090.25123100 -33222.00000000  9.00000000 ELODIE 
2450091.21974900 -33277.00000000  7.00000000 ELODIE 
2450264.59410700 -33273.00000000  8.00000000 ELODIE 
2450265.59989300 -33292.00000000  7.00000000 ELODIE 
2450268.60464700 -33253.00000000  7.00000000 ELODIE 
2450324.48569900 -33291.00000000  7.00000000 ELODIE 
2450324.50209900 -33289.00000000  7.00000000 ELODIE 
2450325.46202400 -33254.00000000  7.00000000 ELODIE 
2450325.59152800 -33250.00000000  7.00000000 ELODIE 
2450326.45154900 -33191.00000000  7.00000000 ELODIE 
2450327.45957200 -33218.00000000  7.00000000 ELODIE 
2450328.48679500 -33286.00000000  7.00000000 ELODIE 
2450328.50119500 -33288.00000000  7.00000000 ELODIE 
2450329.48801500 -33267.00000000  7.00000000 ELODIE 
2450380.35546700 -33272.00000000  7.00000000 ELODIE 
2450381.35911100 -33208.00000000  7.00000000 ELODIE 
2450382.37315400 -33232.00000000  7.00000000 ELODIE 
2450383.34539700 -33296.00000000  7.00000000 ELODIE 
2450384.32313900 -33294.00000000  7.00000000 ELODIE 
2450385.34007800 -33206.00000000  7.00000000 ELODIE 
2450447.22953600 -33309.00000000  9.00000000 ELODIE 
2450448.22964800 -33252.00000000  7.00000000 ELODIE 
2450474.23207000 -33208.00000000  7.00000000 ELODIE 
2450475.24380100 -33213.00000000  7.00000000 ELODIE 
2450476.26583200 -33305.00000000  7.00000000 ELODIE 
2450675.56968100 -33300.00000000  7.00000000 ELODIE 
2450677.60367200 -33187.00000000  9.00000000 ELODIE 
2450678.57701400 -33218.00000000  7.00000000 ELODIE 
2450681.52143200 -33194.00000000  7.00000000 ELODIE 
2450700.52740500 -33305.00000000  7.00000000 ELODIE 
2450702.50352300 -33227.00000000  7.00000000 ELODIE 
2450703.48133000 -33202.00000000  7.00000000 ELODIE 
2450730.43665000 -33294.00000000  7.00000000 ELODIE 
2450731.41131600 -33274.00000000  7.00000000 ELODIE 
2450736.35532200 -33220.00000000  8.00000000 ELODIE 
2450766.31189000 -33213.00000000  7.00000000 ELODIE 
2450770.29717700 -33222.00000000  8.00000000 ELODIE 
2450773.37472600 -33317.00000000  7.00000000 ELODIE 
2450795.27120100 -33255.00000000  8.00000000 ELODIE 
2450822.24579800 -33247.00000000  7.00000000 ELODIE 
2450823.25001400 -33310.00000000  7.00000000 ELODIE 
2450824.24123200 -33307.00000000  7.00000000 ELODIE 
2451023.62960800 -33250.00000000  7.00000000 ELODIE 
2451026.56009600 -33288.00000000  8.00000000 ELODIE 
2451053.52475700 -33220.00000000  8.00000000 ELODIE 
2451058.57648500 -33197.00000000  7.00000000 ELODIE 
2451088.42115800 -33213.00000000  7.00000000 ELODIE 
2451118.35482300 -33227.00000000  7.00000000 ELODIE 
2451158.24350800 -33313.00000000  7.00000000 ELODIE 
2451390.58673400 -33305.00000000  8.00000000 ELODIE 
2451391.61539900 -33242.00000000  7.00000000 ELODIE 
2451392.60416100 -33191.00000000  7.00000000 ELODIE 
2451417.50153500 -33210.00000000  7.00000000 ELODIE 
2451418.47676500 -33197.00000000  7.00000000 ELODIE 
2451420.50462100 -33291.00000000  8.00000000 ELODIE 
2451423.55049500 -33260.00000000  7.00000000 ELODIE 
2451438.47285800 -33224.00000000  7.00000000 ELODIE 
2451442.48554400 -33252.00000000  7.00000000 ELODIE 
2451466.41675700 -33286.00000000  7.00000000 ELODIE 
2451467.41741400 -33285.00000000  7.00000000 ELODIE 
2451505.32642400 -33297.00000000  8.00000000 ELODIE 
2451510.35269700 -33243.00000000  7.00000000 ELODIE 
2451781.53760900 -33201.00000000  7.00000000 ELODIE 
2451782.49353900 -33207.00000000  7.00000000 ELODIE 
2451783.51297000 -33276.00000000  7.00000000 ELODIE 
2451783.54987200 -33277.00000000  8.00000000 ELODIE 
2451784.51390000 -33297.00000000  8.00000000 ELODIE 
2451785.57872900 -33227.00000000  7.00000000 ELODIE 
2451786.51545300 -33193.00000000  7.00000000 ELODIE 
2451803.46797100 -33215.00000000  7.00000000 ELODIE 
2451882.23972800 -33292.00000000  8.00000000 ELODIE 
2452111.59180800 -33199.00000000  7.00000000 ELODIE 
2452114.60702400 -33296.00000000  7.00000000 ELODIE 
2452115.60719400 -33214.00000000  7.00000000 ELODIE 
2452116.59926300 -33192.00000000  7.00000000 ELODIE 
2452117.52872600 -33262.00000000  7.00000000 ELODIE 
2452136.58132100 -33223.00000000  7.00000000 ELODIE 
2452137.56966700 -33175.00000000  7.00000000 ELODIE 
2452158.53470700 -33194.00000000  7.00000000 ELODIE 
2452159.58102300 -33258.00000000  7.00000000 ELODIE 
2452160.57763600 -33315.00000000  7.00000000 ELODIE 
2452197.40946600 -33220.00000000  7.00000000 ELODIE 
2452198.36702400 -33304.00000000  7.00000000 ELODIE 
2452217.42115400 -33216.00000000  7.00000000 ELODIE 
2452250.31639100 -33283.00000000  8.00000000 ELODIE 
2452488.58961800 -33194.00000000  7.00000000 ELODIE 
2452532.51400100 -33308.00000000  8.00000000 ELODIE 
2452533.51070200 -33308.00000000  8.00000000 ELODIE 
2452561.30893700 -33250.00000000  7.00000000 ELODIE 
2452565.46535600 -33232.00000000  7.00000000 ELODIE 
2452612.35669400 -33266.00000000  8.00000000 ELODIE 
2452833.60798700 -33315.00000000  7.00000000 ELODIE 
2452852.62055400 -33196.00000000  7.00000000 ELODIE 
2452858.58701100 -33300.00000000  8.00000000 ELODIE 
2452887.53981000 -33275.00000000  7.00000000 ELODIE 